2.7e-06 
6.872731646555575e-07
6.917128379238353e-07
7.076245121663284e-07
8.769940917935465e-07
8.829362515937429e-07
9.404873000359794e-07
1.002161181122962e-06
1.0128068594466264e-06
1.0293851355859368e-06
1.0307282275367757e-06
1.0460067537513223e-06
1.0777076705869336e-06
1.0920981223886173e-06
1.1462064516047838e-06
1.1616847989483584e-06
1.1699444438680586e-06
1.1711243142635064e-06
1.1764160208683392e-06
1.219483993810254e-06
1.2483793111068062e-06
1.2503214417263497e-06
1.2538411769877006e-06
1.2687676415329797e-06
1.2697101144783504e-06
1.270597368797299e-06
1.281573589895886e-06
1.2836545762785598e-06
1.2920089385829671e-06
1.295275945119817e-06
1.2992722606747737e-06
1.3055347703090548e-06
1.3182681195969365e-06
1.3244280960525667e-06
1.3258447158077996e-06
1.345049167038645e-06
1.345536927025103e-06
1.346990828305599e-06
1.3474559035949115e-06
1.352351707644559e-06
1.3577989857598559e-06
1.3620433097598996e-06
1.36757264804614e-06
1.3715346419620368e-06
1.3730742392265405e-06
1.4042236184616858e-06
1.440642906094766e-06
1.4527033278897232e-06
1.455800318644426e-06
1.4717704409192467e-06
1.4818049119877792e-06
1.4837028583603948e-06
1.4856140724124835e-06
1.485846625160831e-06
1.4946418720463894e-06
1.5000654926569262e-06
1.5003401111179267e-06
1.5044059382203032e-06
1.507603051418565e-06
1.508965622666993e-06
1.5140399202285183e-06
1.522409013261152e-06
1.524386273334211e-06
1.5277983087461388e-06
1.5285884321151974e-06
1.532613071749555e-06
1.5355026209215068e-06
1.5404389377743332e-06
1.5420821996990749e-06
1.5442668098402484e-06
1.5456600709233155e-06
1.5565974055144326e-06
1.5577148511878915e-06
1.5733321385608772e-06
1.5778957921174694e-06
1.578707604553473e-06
1.5796788130281266e-06
1.5837085691102863e-06
1.5897943729366146e-06
1.594943085910224e-06
1.6017708970676443e-06
1.601987926212562e-06
1.6082157253990642e-06
1.6132419858815216e-06
1.6188465837967414e-06
1.624046377823662e-06
1.6292106322729333e-06
1.6304848848065072e-06
1.631128549010332e-06
1.6416616250046031e-06
1.646539504990478e-06
1.656376994256071e-06
1.6569782828589682e-06
1.66168210188164e-06
1.663411859752833e-06
1.6654622479108416e-06
1.6730569970470845e-06
1.676533429945691e-06
1.6807751203265465e-06
1.6814094354173826e-06
1.6831804976794675e-06
1.691735920857901e-06
1.6921033086888684e-06
1.6945000927387982e-06
1.6955692174900163e-06
1.6997392459677296e-06
1.7034083715172801e-06
1.7080053937684806e-06
1.7106945618417528e-06
1.711139056265092e-06
1.7113449571878202e-06
1.7152778248056092e-06
1.7161625265060554e-06
1.7169363491896234e-06
1.7191189899526177e-06
1.720342775046026e-06
1.7248998261191085e-06
1.7271161601919672e-06
1.7287834577501759e-06
1.7290263310949526e-06
1.7340548078941234e-06
1.734680231436372e-06
1.7365558820938054e-06
1.7369501416307576e-06
1.7375881075664019e-06
1.741996364700768e-06
1.7425047962965895e-06
1.7427769011971417e-06
1.7456765495044363e-06
1.7540144890899047e-06
1.7544191158237896e-06
1.7572577005994164e-06
1.7587603710008215e-06
1.7590227742012074e-06
1.7613783898654473e-06
1.763476154929923e-06
1.7638858254596495e-06
1.7648013516780754e-06
1.7666645415630852e-06
1.7706518368984851e-06
1.7715085900805684e-06
1.7722679912963175e-06
1.7740940663357052e-06
1.7753900328784255e-06
1.775853040173489e-06
1.7795548017375655e-06
1.7868801040436174e-06
1.787493339824387e-06
1.7903535625707096e-06
1.8000992862931313e-06
1.8004116767288259e-06
1.8009668131490052e-06
1.8054746543034331e-06
1.8065292542254874e-06
1.8074254197198343e-06
1.8109299490728393e-06
1.8158666367015323e-06
1.8174645774939239e-06
1.817984712239392e-06
1.8181964327050651e-06
1.821543093548283e-06
1.823227144226574e-06
1.8247303142201402e-06
1.8258548497195784e-06
1.8287032920534292e-06
1.8294568682806132e-06
1.8308635852156303e-06
1.8312082974923882e-06
1.8332670907500264e-06
1.8340243214037153e-06
1.8402271573585682e-06
1.8405438943952181e-06
1.8416452576076234e-06
1.8416741898861665e-06
1.8428882947992836e-06
1.8437306318550504e-06
1.8444127438113524e-06
1.845464763611624e-06
1.8494267282831023e-06
1.8501344949037535e-06
1.8503112954392057e-06
1.8538694560467809e-06
1.8585979840131031e-06
1.8601028312006466e-06
1.8602461741738251e-06
1.8710553742538567e-06
1.8728860342019795e-06
1.874435492602905e-06
1.8765353965761955e-06
1.877864423089133e-06
1.887825572072724e-06
1.889053248607391e-06
1.8906242463534497e-06
1.89158414170208e-06
1.8951561891977569e-06
1.8955299650138209e-06
1.902511992581986e-06
1.9056233954473923e-06
1.9126730753497244e-06
1.9127194527789795e-06
1.9139816239073736e-06
1.9148616221894893e-06
1.9163751940831566e-06
1.92102609185851e-06
1.9249774017328354e-06
1.92678501392634e-06
1.9271422074188515e-06
1.927494682287774e-06
1.9286643223653886e-06
1.93232756974956e-06
1.934336753032577e-06
1.937375061388601e-06
1.9398731139578478e-06
1.9413851465854716e-06
1.9437366658047758e-06
1.9449157010411983e-06
1.950951640759241e-06
1.953368043375919e-06
1.953570799497602e-06
1.9565132809426966e-06
1.9576805613017585e-06
1.960290896432221e-06
1.963342047185017e-06
1.9641303026528286e-06
1.9656549767750227e-06
1.966651078539157e-06
1.9671430872818823e-06
1.9747566708900473e-06
1.9772489453482016e-06
1.985538115326717e-06
1.988193488256801e-06
1.9926247140805442e-06
1.9937726658706174e-06
1.9942501057546567e-06
1.9983701240305515e-06
2.0002100594135813e-06
2.003561821672452e-06
2.0043382057839167e-06
2.005431848577156e-06
2.0089962688105154e-06
2.0091842514554178e-06
2.0148361612366512e-06
2.016792074221421e-06
2.0209955911324607e-06
2.0255050710317216e-06
2.029610923138312e-06
2.0315279822112763e-06
2.0344679107869855e-06
2.0358906569242877e-06
2.0373284528596413e-06
2.038836286681433e-06
2.039045600947109e-06
2.0390889195008966e-06
2.0411938113628873e-06
2.0425915757938755e-06
2.043941407852658e-06
2.0517000073465986e-06
2.0532959930286167e-06
2.0539071793059083e-06
2.0593726347960396e-06
2.0604152870872722e-06
2.0608812546931567e-06
2.0617926206342145e-06
2.062717995106576e-06
2.0661744388411296e-06
2.068618672988435e-06
2.0687968535499987e-06
2.0688234771785324e-06
2.069232326547401e-06
2.069466652643184e-06
2.071914821954684e-06
2.0741845402352e-06
2.0823443160544115e-06
2.0847064307945393e-06
2.087470066006155e-06
2.0877349571866844e-06
2.0887333236996173e-06
2.0930939606097913e-06
2.0952868329412795e-06
2.0976190885866167e-06
2.099378341718368e-06
2.1010667717884313e-06
2.101540952388412e-06
2.1029216095405347e-06
2.106160757899396e-06
2.1124166876952404e-06
2.12491394447109e-06
2.1264427167420373e-06
2.127309856069123e-06
2.1280157956974474e-06
2.1296328897061973e-06
2.131074955667189e-06
2.137119267652162e-06
2.1387414584281783e-06
2.1389172543654093e-06
2.1421467114385614e-06
2.1426440177794295e-06
2.1471204588480736e-06
2.1473367545221402e-06
2.148220094114047e-06
2.1489958514981523e-06
2.149082864300057e-06
2.1505753271473966e-06
2.1511706849669082e-06
2.152485333929555e-06
2.1626034337719176e-06
2.1657521415266406e-06
2.1671202200199612e-06
2.168725589548097e-06
2.175026377371325e-06
2.175944954161098e-06
2.176073936082318e-06
2.1761743297247133e-06
2.1791286489095653e-06
2.180522683298497e-06
2.1809152745400494e-06
2.1911051497377e-06
2.1981100388298796e-06
2.1991468888285724e-06
2.20107195152634e-06
2.2032234072419455e-06
2.203246591155542e-06
2.2037604961496057e-06
2.204651363117613e-06
2.204992957888122e-06
2.206383825750457e-06
2.2080793982130234e-06
2.2087817255324974e-06
2.208994410350492e-06
2.2109207759027207e-06
2.2116491844470088e-06
2.21762046399351e-06
2.2181846357367332e-06
2.228757744871307e-06
2.2328433877738315e-06
2.237162254387045e-06
2.239335523835099e-06
2.2441298106180145e-06
2.244401966344168e-06
2.252581074616033e-06
2.253782466905047e-06
2.255680547660726e-06
2.259064741351751e-06
2.261559737929505e-06
2.263747227002106e-06
2.263805629176902e-06
2.2671354167323523e-06
2.268018314577844e-06
2.269696462118027e-06
2.270179196005165e-06
2.2709593741770817e-06
2.273549315379968e-06
2.2806884087085044e-06
2.2826694606588827e-06
2.28299471300503e-06
2.2838573203813944e-06
2.284272483492663e-06
2.2871654469769976e-06
2.287247679192505e-06
2.289210322547932e-06
2.293366784557205e-06
2.2945797963268632e-06
2.2947359293693238e-06
2.2957432291315085e-06
2.2959496024228656e-06
2.2976858933150704e-06
2.300981084434863e-06
2.3017440684339516e-06
2.3063768623726384e-06
2.3066872541270236e-06
2.3117124954118862e-06
2.317805030472998e-06
2.3179932268251523e-06
2.3188708093874246e-06
2.320262055130901e-06
2.322298409558414e-06
2.322905889004533e-06
2.323845588143487e-06
2.3267686506331524e-06
2.3276550833045447e-06
2.332485647113241e-06
2.3388014848443693e-06
2.340422955942767e-06
2.3434611562904415e-06
2.34386333064289e-06
2.3460094731391985e-06
2.3469531625266307e-06
2.347764222874843e-06
2.3514676697250024e-06
2.353913213634225e-06
2.3576469536781287e-06
2.3691743422011055e-06
2.3697461652180166e-06
2.3708706914091712e-06
2.372916048581877e-06
2.3742625525209244e-06
2.377694894666117e-06
2.3780010985391643e-06
2.385646946428914e-06
2.3861219025417207e-06
2.3865430677306116e-06
2.3871740332365055e-06
2.3906056110254522e-06
2.3920133772344327e-06
2.3954761408538342e-06
2.3958958772345345e-06
2.399508648685507e-06
2.4045929324966535e-06
2.4049121662370976e-06
2.4074173276466392e-06
2.4108563215165376e-06
2.4110537072323e-06
2.411445506923553e-06
2.411840238668734e-06
2.4124046480909628e-06
2.412695157864698e-06
2.4146077559038477e-06
2.415952168969327e-06
2.416071414001442e-06
2.4175745270118694e-06
2.42049638571773e-06
2.423001900212842e-06
2.4256244914334646e-06
2.4257762615519715e-06
2.427352323939918e-06
2.4294098383750055e-06
2.429952494465252e-06
2.4305443857828963e-06
2.434518978468569e-06
2.4350423048890307e-06
2.4355001193714116e-06
2.4360554448432594e-06
2.4368813693673078e-06
2.4404015476104954e-06
2.440610969972826e-06
2.442961969908212e-06
2.443563387461411e-06
2.4456639429209086e-06
2.446219002948273e-06
2.4545266909989466e-06
2.4545807453154322e-06
2.45580053521201e-06
2.457092222299009e-06
2.4596102911334783e-06
2.460376257670262e-06
2.467112963021884e-06
2.4716817061145984e-06
2.4747519263207844e-06
2.4751902763019024e-06
2.4763381870952497e-06
2.4811112459829803e-06
2.4812839325119967e-06
2.487095989519334e-06
2.488549069586589e-06
2.4886869888083576e-06
2.497202354128984e-06
2.497669956233304e-06
2.4998867989342847e-06
2.502985067376464e-06
2.503400914248524e-06
2.5048714223505702e-06
2.5054557306323187e-06
2.508942726995534e-06
2.5100595807002153e-06
2.5101463929055007e-06
2.511936669098161e-06
2.514530971417475e-06
2.5171230731794623e-06
2.517497784812884e-06
2.5177023234983613e-06
2.5179141943206787e-06
2.52635108768573e-06
2.528954202784133e-06
2.53296431715333e-06
2.5333035578856204e-06
2.53517643035322e-06
2.5355967251399406e-06
2.536793556415993e-06
2.53733293248742e-06
2.5376023308213355e-06
2.5381525165761453e-06
2.5425988872575225e-06
2.5461591024081606e-06
2.5498868460179332e-06
2.5508574842901773e-06
2.5622809239563908e-06
2.5652566141711983e-06
2.5655060036822174e-06
2.5670190087636113e-06
2.5721496229129864e-06
2.5737205012871706e-06
2.5743843994274727e-06
2.5752847808850728e-06
2.5753165152998357e-06
2.577345143436946e-06
2.58262435596145e-06
2.5875650800911907e-06
2.588558549172626e-06
2.5902666369717565e-06
2.590600203389373e-06
2.5906359642134708e-06
2.5912705472627527e-06
2.592506409414605e-06
2.5964828968274667e-06
2.597334708421274e-06
2.5986762333127854e-06
2.6007688549812466e-06
2.6053665393218682e-06
2.6076289936284e-06
2.6091763342147206e-06
2.619845317387554e-06
2.6256564727384478e-06
2.632532606830504e-06
2.6350491773405633e-06
2.6351331124873144e-06
2.636049928369581e-06
2.6384190458800257e-06
2.642950686325638e-06
2.6430440311614742e-06
2.64490560859942e-06
2.6461060317151333e-06
2.647533390523276e-06
2.6504170686157436e-06
2.6521167511241097e-06
2.6530484191300287e-06
2.6574457008430785e-06
2.658063102570905e-06
2.6595921881589656e-06
2.6618551626560987e-06
2.6632120557204417e-06
2.663650873924721e-06
2.6651115873070824e-06
2.6670367999737446e-06
2.6700221059311864e-06
2.6718917789214124e-06
2.676423247327065e-06
2.677435719395211e-06
2.6796144933338577e-06
2.6800880697357665e-06
2.682833999445032e-06
2.6831904835800807e-06
2.686794942232093e-06
2.6872844292915435e-06
2.688859524944378e-06
2.6898345099360936e-06
2.691391872536419e-06
2.691546415692445e-06
2.6920456852251005e-06
2.6956388880053254e-06
2.6971707070814608e-06
2.699496581419876e-06
2.7004127759396817e-06
2.7008333229489844e-06
2.7026978681368978e-06
2.707188100973908e-06
2.711918288269754e-06
2.71289854928733e-06
2.7147657472892336e-06
2.7154888914029362e-06
2.7215269483031603e-06
2.7234949035469746e-06
2.7242230607298916e-06
2.725805378029811e-06
2.728039048853297e-06
2.7291912218747833e-06
2.732761892160714e-06
2.732816319830461e-06
2.733969060094519e-06
2.7342327592115816e-06
2.738139580662556e-06
2.7401524717215646e-06
2.740538844070524e-06
2.74396702429349e-06
2.7443559584362944e-06
2.74670827249595e-06
2.748079019473341e-06
2.750446331677352e-06
2.751036846163152e-06
2.751228069090552e-06
2.7529291164420755e-06
2.75488848864306e-06
2.7577917323758524e-06
2.7626323593884122e-06
2.7638324239649866e-06
2.7639762856419387e-06
2.7649062831367827e-06
2.766484429390658e-06
2.7712780572225668e-06
2.7741861173681637e-06
2.775145270212388e-06
2.7762945648045417e-06
2.7774389036970065e-06
2.7795328093998975e-06
2.7802655232607323e-06
2.7802730339921977e-06
2.781080343362221e-06
2.781422494967115e-06
2.7832149013676005e-06
2.7847048634827988e-06
2.7879593902473613e-06
2.7895998994687172e-06
2.790830507921839e-06
2.7969155841525473e-06
2.7987345247817156e-06
2.7993821457759734e-06
2.8034553175339145e-06
2.804931257379154e-06
2.8057299636368693e-06
2.8062326387831547e-06
2.8082522235037443e-06
2.812738349529848e-06
2.8127712061727553e-06
2.8157381411710403e-06
2.8182783386978355e-06
2.8247052267692884e-06
2.825093055072612e-06
2.8280753815328875e-06
2.8399733449255057e-06
2.842207850493585e-06
2.8429488331446795e-06
2.8444137418390382e-06
2.8476540098386725e-06
2.8501966259369686e-06
2.8548742331129734e-06
2.8566611807747877e-06
2.864808276388968e-06
2.8680888984300232e-06
2.8681332357504404e-06
2.871907500034048e-06
2.8735946050989946e-06
2.8776690873292097e-06
2.8819586741174758e-06
2.8840606443110123e-06
2.8846295483150754e-06
2.885588505671959e-06
2.885864645572612e-06
2.8894719146556107e-06
2.8897104219567386e-06
2.890285501544725e-06
2.89040220550691e-06
2.8961249969516417e-06
2.9038877059174375e-06
2.9067443740286893e-06
2.911199473689395e-06
2.9142967572501616e-06
2.9197049869581766e-06
2.920302034928467e-06
2.926170595813035e-06
2.9303193428783907e-06
2.9330500118864487e-06
2.9356606487749755e-06
2.9363621275124137e-06
2.9371520659722876e-06
2.9437719117368928e-06
2.945188114256659e-06
2.949365137447995e-06
2.955730627263503e-06
2.955866031758254e-06
2.956393263618416e-06
2.9588461200799387e-06
2.9591842641254126e-06
2.961470939935383e-06
2.962196412954886e-06
2.962343907961293e-06
2.964435412157848e-06
2.9688187549254224e-06
2.974230954969784e-06
2.9838584412181362e-06
2.985677960089336e-06
2.9885760913598597e-06
2.991721096862428e-06
2.9948984508220844e-06
2.995625667830207e-06
2.995793651733585e-06
2.9962972525004065e-06
2.998858024372224e-06
2.998867966029253e-06
3.0080136935225277e-06
3.0095356762290046e-06
3.0115466286553515e-06
3.0125748462118207e-06
3.0130277957830916e-06
3.0142842697488513e-06
3.0144299176613314e-06
3.0168353850629727e-06
3.0169514793059423e-06
3.0194328686088524e-06
3.020887222102235e-06
3.0240615717956316e-06
3.0256189783346783e-06
3.0278024579452345e-06
3.0284082344910226e-06
3.030857641031471e-06
3.0371300307412703e-06
3.0388335031324155e-06
3.0399633102740886e-06
3.0454775605703185e-06
3.050018434063337e-06
3.0519011344260957e-06
3.0524506335551055e-06
3.052506102482038e-06
3.056706838444796e-06
3.057188869842992e-06
3.062830498091033e-06
3.0655983904943884e-06
3.0694192089942443e-06
3.069760776909874e-06
3.069885744717096e-06
3.0699303314337207e-06
3.0702759792087867e-06
3.0703603148218567e-06
3.070862196921857e-06
3.070989930469388e-06
3.073586793961261e-06
3.074725644188759e-06
3.084202266139281e-06
3.0845159405207026e-06
3.091417274016167e-06
3.0950160607490328e-06
3.107786064827247e-06
3.1100525678019713e-06
3.1135708988971928e-06
3.1135971804032348e-06
3.1167319636625506e-06
3.1199863020424802e-06
3.120536178799973e-06
3.1273862910455367e-06
3.1285427278822436e-06
3.1305180104393224e-06
3.1315454352561218e-06
3.132010348945706e-06
3.1349902265606676e-06
3.1390297733950784e-06
3.143725785657446e-06
3.145836298316771e-06
3.146673894049095e-06
3.151460422530855e-06
3.1515563931275277e-06
3.152155601418471e-06
3.1525961871613487e-06
3.154004719673964e-06
3.1619184569556304e-06
3.1666574130149087e-06
3.1675176433147273e-06
3.1722436799976926e-06
3.1755616685237637e-06
3.192122274751589e-06
3.1928370962881687e-06
3.1944951671410797e-06
3.2022111078737752e-06
3.204137054670599e-06
3.2125798329231084e-06
3.2154397869534904e-06
3.2165710174536294e-06
3.2167239801226116e-06
3.219237445636738e-06
3.220006777751715e-06
3.2239572889625035e-06
3.225481799225367e-06
3.22917681330773e-06
3.233660037878694e-06
3.235292529799798e-06
3.235720457277589e-06
3.243617907732695e-06
3.248943262721716e-06
3.2511676954407524e-06
3.253109853580553e-06
3.2548781086617087e-06
3.255723613062082e-06
3.2580035266680014e-06
3.269175686162306e-06
3.2702943583975387e-06
3.2708923173588356e-06
3.2719125883418107e-06
3.2752419500558626e-06
3.2771864778767245e-06
3.2776791841441877e-06
3.281763472444601e-06
3.2818312933423804e-06
3.287909140234037e-06
3.2892156420884027e-06
3.290546004785788e-06
3.2906100188628174e-06
3.298200663211126e-06
3.3008115246526784e-06
3.30805393503265e-06
3.3082213299142638e-06
3.312624008632515e-06
3.315095086878262e-06
3.315426289559271e-06
3.3199114203487155e-06
3.320331381782575e-06
3.3219034292449733e-06
3.3375363677044003e-06
3.3380902289934896e-06
3.3426118158569646e-06
3.3446475620391554e-06
3.3494953783094714e-06
3.3550676856540795e-06
3.355901561975838e-06
3.356107802777547e-06
3.3569715342204455e-06
3.3584071567726927e-06
3.3644001735374983e-06
3.3689467485057115e-06
3.376313800034632e-06
3.376321592496358e-06
3.3814066446798095e-06
3.384522429101147e-06
3.386595509017237e-06
3.395284191395232e-06
3.404444585215182e-06
3.4115555860363133e-06
3.4147339582482398e-06
3.4153222838501926e-06
3.4241962366083646e-06
3.4293771110776007e-06
3.4358372567090325e-06
3.437967565995899e-06
3.439108280062242e-06
3.4490779128737633e-06
3.4505280046930506e-06
3.4518556982760827e-06
3.4552535364620444e-06
3.460283527439871e-06
3.4605538903199504e-06
3.4667239311692692e-06
3.466839353240474e-06
3.4717344573423683e-06
3.473767589743716e-06
3.475159094828413e-06
3.4768777387534426e-06
3.4858487193456885e-06
3.4867768783092204e-06
3.493186548199722e-06
3.496756145126129e-06
3.5002218973459004e-06
3.5108027120345653e-06
3.511973854570973e-06
3.5124345903645265e-06
3.5191232916644226e-06
3.526479594417778e-06
3.531205596365254e-06
3.5375610186500644e-06
3.542921232016488e-06
3.546263371431722e-06
3.5521845936319895e-06
3.557881727452948e-06
3.566104354075506e-06
3.567899497708299e-06
3.5700056620888615e-06
3.571342360239039e-06
3.5750589898635286e-06
3.577718931667161e-06
3.5783242830857932e-06
3.5908476512402983e-06
3.592774431340881e-06
3.6037774497272828e-06
3.6055526795256947e-06
3.6061961556246834e-06
3.60765065142141e-06
3.6108050049022732e-06
3.6109250535012992e-06
3.6146767294236927e-06
3.6242015555362733e-06
3.6318451810566017e-06
3.6319542579661932e-06
3.6329741720385304e-06
3.6337317517535037e-06
3.6365534192565304e-06
3.6377160518568194e-06
3.6576868309345713e-06
3.658330979986729e-06
3.6586830910297978e-06
3.661688400791363e-06
3.6648476902168676e-06
3.665895919106763e-06
3.670014214150398e-06
3.6858333915373776e-06
3.692404837166549e-06
3.6932012941582604e-06
3.693302465657354e-06
3.710559907659278e-06
3.711957398477615e-06
3.7136145402382074e-06
3.7136661029707127e-06
3.7339752709296894e-06
3.744000906672439e-06
3.7497640551667573e-06
3.7562494269927168e-06
3.7600713133823103e-06
3.7662649754787925e-06
3.7699931713815373e-06
3.771817215928453e-06
3.7777960393856878e-06
3.7995122362297676e-06
3.804048873460626e-06
3.805473336920077e-06
3.806336529379111e-06
3.812137402640327e-06
3.824380860225192e-06
3.842661665588933e-06
3.843508892095637e-06
3.8437460216976054e-06
3.846925503568452e-06
3.863952884258664e-06
3.864443510740269e-06
3.868625406353655e-06
3.872248679153286e-06
3.8736959495223045e-06
3.895549782126616e-06
3.899248426014954e-06
3.912997414959921e-06
3.923602655710256e-06
3.923669413589532e-06
3.92509943744165e-06
3.970998913372442e-06
3.9738672882312604e-06
3.975118830128247e-06
3.976348935397148e-06
3.9769712617837435e-06
3.977535783018634e-06
3.986219889943415e-06
3.9941581319228454e-06
4.0003496053273e-06
4.0099611508281945e-06
4.017172298907069e-06
4.022135992243663e-06
4.0475893002731424e-06
4.088650115202226e-06
4.1022446462822575e-06
4.1132522583197536e-06
4.113547247494591e-06
4.1280860923842305e-06
4.134974186189945e-06
4.165750472142645e-06
4.167233948545274e-06
4.1775695579910176e-06
4.1778353890177195e-06
4.180165679304745e-06
4.1808522455049235e-06
4.195799712994507e-06
4.200266157930611e-06
4.203862460931765e-06
4.2230595008535105e-06
4.2330720346227566e-06
4.244661379317819e-06
4.254440539517785e-06
4.258977053064397e-06
4.2709622005760455e-06
4.273410549704262e-06
4.274429068290537e-06
4.277574952416877e-06
4.2782832418684255e-06
4.308056449861188e-06
4.343712449681109e-06
4.351901439301897e-06
4.3948340811397385e-06
4.398630511770807e-06
4.408906040605184e-06
4.414018509974774e-06
4.4151716894410185e-06
4.423780422707958e-06
4.4317080873185145e-06
4.436870390366875e-06
4.436894713553721e-06
4.470635407160273e-06
4.471236735878088e-06
4.4804552367792e-06
4.531378956054014e-06
4.546550173695717e-06
4.5697754676186075e-06
4.590638676056606e-06
4.596912064700084e-06
4.599247134444867e-06
4.625219345709255e-06
4.640948297574389e-06
4.647040281444572e-06
4.750425284879797e-06
4.78222947623927e-06
4.788756861261392e-06
4.804690606223157e-06
4.811293771786561e-06
4.831691759353044e-06
4.8396539657804276e-06
4.864412279437323e-06
4.875533997568131e-06
4.89207048693898e-06
4.977750675646781e-06
5.0028109343688e-06
5.054649462202075e-06
5.060373310572249e-06
5.517416555837461e-06
5.523411279543369e-06
5.533797719248332e-06
5.557051682649095e-06
5.5805642769905025e-06
5.780815962904834e-06
5.834505763335522e-06
6.061595147548658e-06
6.962459593074573e-06
