2.2e-06 
5.600003563860099e-07
5.636178679379398e-07
5.765829358392306e-07
7.145877784984454e-07
7.194295383356426e-07
7.663229852145019e-07
8.165757772113024e-07
8.25250033623177e-07
8.387582586255779e-07
8.398526298447803e-07
8.523017993529293e-07
8.781321760337976e-07
8.898577293536883e-07
9.339459976038979e-07
9.465579843282921e-07
9.532880653739736e-07
9.542494412517462e-07
9.585612021890168e-07
9.936536245861328e-07
1.0171979571981387e-06
1.0187804339992481e-06
1.0216483664344229e-06
1.0338106708787244e-06
1.0345786117971743e-06
1.0353015597607621e-06
1.0442451473225735e-06
1.0459407658566046e-06
1.0527480240305656e-06
1.0554100293568877e-06
1.0586662864757416e-06
1.0637690721036742e-06
1.0741443937456522e-06
1.0791636338206098e-06
1.0803179165841328e-06
1.0959659879574146e-06
1.0963634220204542e-06
1.0975480823230808e-06
1.0979270325588168e-06
1.1019162062289e-06
1.1063547291376605e-06
1.10981306721177e-06
1.1143184539635216e-06
1.1175467453024007e-06
1.1188012319623665e-06
1.1441822076354479e-06
1.1738571827438836e-06
1.18368419309533e-06
1.1862076670436065e-06
1.1992203592675342e-06
1.2073965949530055e-06
1.2089430697751364e-06
1.2105003552990609e-06
1.2106898427236405e-06
1.2178563401859473e-06
1.2222755866093473e-06
1.2224993497997922e-06
1.2258122459572838e-06
1.228417301155868e-06
1.2295275443953279e-06
1.2336621572232372e-06
1.2404814182127907e-06
1.2420925190130608e-06
1.2448726960153722e-06
1.2455165002420129e-06
1.2487958362403782e-06
1.2511502837138202e-06
1.2551724678161237e-06
1.2565114219770237e-06
1.2582914746846466e-06
1.2594267244560353e-06
1.2683386267154637e-06
1.2692491380049488e-06
1.2819743351236775e-06
1.2856928676512714e-06
1.2863543444509782e-06
1.2871456995043992e-06
1.2904292044602333e-06
1.2953880075779824e-06
1.2995832551861088e-06
1.3051466568699328e-06
1.305323495432458e-06
1.3103979984733116e-06
1.314493469977536e-06
1.3190601793899374e-06
1.3232970485970578e-06
1.3275049596297977e-06
1.3285432394719688e-06
1.3290677066010112e-06
1.3376502129667138e-06
1.341624781844093e-06
1.3496405138382804e-06
1.3501304526998997e-06
1.3539631941257812e-06
1.3553726264652712e-06
1.3570433131125378e-06
1.3632316272235506e-06
1.366064276252045e-06
1.369520468414223e-06
1.370037317747497e-06
1.3714804055166036e-06
1.3784514910694011e-06
1.378750844116856e-06
1.38070377926865e-06
1.3815749179548283e-06
1.3849727189366687e-06
1.3879623767918578e-06
1.3917080986261694e-06
1.393899272611799e-06
1.394261453253038e-06
1.3944292243752613e-06
1.3976337831749411e-06
1.3983546512271562e-06
1.3989851734137675e-06
1.4007636214428738e-06
1.4017607796671325e-06
1.4054739323933475e-06
1.407279834230492e-06
1.4086383729816252e-06
1.408836269781073e-06
1.4129335471729894e-06
1.4134431515407476e-06
1.4149714594838417e-06
1.4152927079954322e-06
1.4158125320911424e-06
1.4194044453117368e-06
1.4198187229083322e-06
1.4200404380124858e-06
1.422403114411022e-06
1.429196991110293e-06
1.4295266869675323e-06
1.4318396078958206e-06
1.4330640060006695e-06
1.4332778160157988e-06
1.4351972065570316e-06
1.436906496609567e-06
1.4372403022263813e-06
1.4379862865525059e-06
1.4395044412736252e-06
1.4427533485839508e-06
1.443451443769352e-06
1.4440702151303329e-06
1.4455581281253896e-06
1.4466141008639024e-06
1.4469913660672873e-06
1.4500076162306096e-06
1.4559763810725773e-06
1.4564760546717229e-06
1.4588066065390964e-06
1.4667475666092181e-06
1.4670021069642285e-06
1.4674544403436337e-06
1.471127496099094e-06
1.471986799739286e-06
1.4727170086606054e-06
1.4755725510963872e-06
1.4795950373123598e-06
1.4808970631431976e-06
1.4813208766395046e-06
1.4814933896115343e-06
1.484220298446749e-06
1.4855924878883196e-06
1.4868172930682624e-06
1.4877335812529896e-06
1.4900545342657574e-06
1.4906685593397588e-06
1.4918147731386616e-06
1.4920956498086129e-06
1.493773185055577e-06
1.494390187810435e-06
1.499444350440315e-06
1.4997024324701773e-06
1.5005998395321375e-06
1.500623413981321e-06
1.5016126846512684e-06
1.5022990333633748e-06
1.5028548282907316e-06
1.5037120296094711e-06
1.506940297119565e-06
1.5075169958475032e-06
1.507661055543057e-06
1.5105602975195993e-06
1.514413172158825e-06
1.5156393439412675e-06
1.5157561419194132e-06
1.5245636382809206e-06
1.5260552871275386e-06
1.5273178087875526e-06
1.5290288416546777e-06
1.5301117521467008e-06
1.5382282439111089e-06
1.5392285729393556e-06
1.5405086451768849e-06
1.5412907821276205e-06
1.5442013393463203e-06
1.5445058974186688e-06
1.5501949569186552e-06
1.5527301740682454e-06
1.558474357692368e-06
1.5585121467087982e-06
1.559540582443045e-06
1.5602576180803245e-06
1.5614908988825721e-06
1.56528051929212e-06
1.5685001051156439e-06
1.5699729743103514e-06
1.5702640208598045e-06
1.570551222604853e-06
1.5715042626680948e-06
1.574489130907049e-06
1.5761262432117295e-06
1.5786019018721932e-06
1.5806373521138022e-06
1.5818693786992733e-06
1.583785431396484e-06
1.5847461267743097e-06
1.5896642998778999e-06
1.5916332205285265e-06
1.5917984292202682e-06
1.5941960066940493e-06
1.5951471240236551e-06
1.5972740637595878e-06
1.5997601865951994e-06
1.6004024688282307e-06
1.6016447958907596e-06
1.6024564343652394e-06
1.60285733037783e-06
1.6090609910955945e-06
1.6110917332466828e-06
1.6178458717476953e-06
1.6200095089499868e-06
1.623620137398962e-06
1.6245555055242068e-06
1.6249445306149058e-06
1.6283015825434123e-06
1.6298007891518076e-06
1.6325318546960717e-06
1.6331644639720798e-06
1.634055580322127e-06
1.636959922734494e-06
1.6371130937784882e-06
1.6417183536002343e-06
1.6433120604767132e-06
1.646737148330153e-06
1.650411539359181e-06
1.6537570484830694e-06
1.6553190966165954e-06
1.6577145939745806e-06
1.6588738686049755e-06
1.6600454060337815e-06
1.6612740113700568e-06
1.661444563734682e-06
1.661479860334064e-06
1.6631949574067967e-06
1.6643338765727878e-06
1.665433739731795e-06
1.6717555615416736e-06
1.673055994319613e-06
1.6735539979529625e-06
1.6780073320560325e-06
1.6788569005896297e-06
1.6792365778981276e-06
1.6799791723686197e-06
1.680733181197951e-06
1.683549542759439e-06
1.6855411409535392e-06
1.6856863251148135e-06
1.6857080184417678e-06
1.6860411549645488e-06
1.6862320873388908e-06
1.6882268919630756e-06
1.6900762920434967e-06
1.696724998266558e-06
1.6986496843511065e-06
1.7009015352642741e-06
1.7011173725224838e-06
1.7019308563478365e-06
1.7054839679042741e-06
1.7072707527669684e-06
1.7091711092187249e-06
1.710604574733485e-06
1.7119803325683514e-06
1.712366701946113e-06
1.7134916818478435e-06
1.7161309879180266e-06
1.7212284121961215e-06
1.7314113621616291e-06
1.7326570284564749e-06
1.7333635864266929e-06
1.7339387964942164e-06
1.7352564286494948e-06
1.7364314453584504e-06
1.741356440309169e-06
1.7426782253859232e-06
1.7428214665199635e-06
1.7454528759869765e-06
1.7458580885610163e-06
1.7495055590613935e-06
1.7496817999810032e-06
1.7504015581670016e-06
1.7510336567762728e-06
1.751104556096343e-06
1.7523206369349158e-06
1.7528057433063694e-06
1.753876938757415e-06
1.7621213164067472e-06
1.764686930132818e-06
1.7658016607570052e-06
1.7671097396317825e-06
1.7722437148951536e-06
1.7729921848720058e-06
1.77309728125226e-06
1.7731790834793964e-06
1.7755863065189047e-06
1.7767221863913678e-06
1.7770420755511516e-06
1.7853449368233114e-06
1.7910526242317537e-06
1.79189746497143e-06
1.7934660345770172e-06
1.7952190725675116e-06
1.7952379631637755e-06
1.7956567005663451e-06
1.7963825921699072e-06
1.7966609286495805e-06
1.7977942283892614e-06
1.7991758059513525e-06
1.7997480726561094e-06
1.799921371396697e-06
1.801491002587402e-06
1.8020845206605256e-06
1.8069500076984156e-06
1.807409703192894e-06
1.8160248291543985e-06
1.8193538715194186e-06
1.822872948019074e-06
1.8246437601619324e-06
1.828550216059123e-06
1.8287719725767296e-06
1.8354364311686196e-06
1.8364153434041124e-06
1.8379619277235545e-06
1.8407194188792049e-06
1.8427523790536713e-06
1.8445347775572712e-06
1.8445823645145129e-06
1.84729552474488e-06
1.8480149229893544e-06
1.8493823024665404e-06
1.8497756411893933e-06
1.8504113419220661e-06
1.852521664383678e-06
1.8583387033921152e-06
1.8599528938702007e-06
1.8602179143003951e-06
1.8609207795700252e-06
1.8612590606236515e-06
1.8636162901294057e-06
1.8636832941568555e-06
1.8652824850390559e-06
1.8686692318614269e-06
1.8696576118218891e-06
1.8697848313379674e-06
1.8706055941071549e-06
1.8707737501223349e-06
1.8721885056641314e-06
1.8748734762061847e-06
1.8754951668721086e-06
1.8792700360073354e-06
1.8795229478072045e-06
1.8836175888541297e-06
1.888581876681702e-06
1.8887352218575315e-06
1.8894502891304942e-06
1.8905838967733267e-06
1.892243148529078e-06
1.892738131781471e-06
1.8935038125613595e-06
1.8958855671825688e-06
1.8966078456555547e-06
1.9005438606107892e-06
1.9056900987620782e-06
1.907011297434847e-06
1.909486868088508e-06
1.9098145657090218e-06
1.9115632744097175e-06
1.9123322065031804e-06
1.912993070490613e-06
1.916010693850002e-06
1.9180033592575168e-06
1.921045665959957e-06
1.9304383529046045e-06
1.9309042827702355e-06
1.931820563370436e-06
1.9334871506963445e-06
1.9345843020540865e-06
1.937381025283503e-06
1.937630524735615e-06
1.943860474868004e-06
1.944247476145106e-06
1.9445906477804986e-06
1.945104767822338e-06
1.947900868242961e-06
1.9490479370058344e-06
1.9518694481031246e-06
1.9522114555244352e-06
1.9551551952252283e-06
1.9592979449972735e-06
1.9595580613783756e-06
1.961599304008373e-06
1.9644014471616233e-06
1.964562279967059e-06
1.9648815241599316e-06
1.965203157433783e-06
1.9656630465926364e-06
1.9658997582601245e-06
1.9674581714772097e-06
1.9685536191601927e-06
1.9686507817789526e-06
1.96987554052819e-06
1.972256314288521e-06
1.9742978446178713e-06
1.9764347707976373e-06
1.9765584353386437e-06
1.9778426343214145e-06
1.9795191275648192e-06
1.979961291786502e-06
1.9804435736008785e-06
1.9836821306040195e-06
1.9841085447243956e-06
1.984481578747077e-06
1.9849340661685815e-06
1.985607041706695e-06
1.9884753350900338e-06
1.9886459755334134e-06
1.990561605110395e-06
1.9910516490426313e-06
1.99276321275037e-06
1.9932154838837783e-06
1.9999847111843267e-06
2.0000287554422043e-06
2.001022658320897e-06
2.002075144095489e-06
2.004126903886538e-06
2.004751024768362e-06
2.0102401920919056e-06
2.0139628716489325e-06
2.0164645325576765e-06
2.0168217066163648e-06
2.01775704133687e-06
2.0216462004305766e-06
2.021786907972738e-06
2.026522658126865e-06
2.027706649292776e-06
2.0278190279179207e-06
2.0347574737347276e-06
2.035138482856766e-06
2.0369447991316403e-06
2.0394693141586e-06
2.0398081523506495e-06
2.041006344137502e-06
2.041482447181889e-06
2.044323703477843e-06
2.045233732422398e-06
2.045304468293371e-06
2.0467632118577616e-06
2.048877087821646e-06
2.0509891707388213e-06
2.0512944913290174e-06
2.0514611524801456e-06
2.051633787964997e-06
2.058508293669854e-06
2.060629350416701e-06
2.063896851013825e-06
2.0641732693882837e-06
2.0656993136211427e-06
2.066041776039952e-06
2.067016971894513e-06
2.0674564635082683e-06
2.0676759732618286e-06
2.068124272765748e-06
2.0717472414690925e-06
2.074648157517761e-06
2.0776855782368342e-06
2.078476468680885e-06
2.0877844565570594e-06
2.0902090930283843e-06
2.090412299296622e-06
2.0916451182518314e-06
2.095825618669841e-06
2.097105593641398e-06
2.0976465476816443e-06
2.098380191832282e-06
2.0984060495035707e-06
2.1000590057634374e-06
2.1043605863389594e-06
2.108386361555785e-06
2.1091958548813993e-06
2.110587630125135e-06
2.1108594249839336e-06
2.110888563433198e-06
2.1114056311029835e-06
2.112412629893382e-06
2.115652730748306e-06
2.1163467994543713e-06
2.1174398938104183e-06
2.119144992947682e-06
2.122891254262263e-06
2.124734735549067e-06
2.1259955315823653e-06
2.1346887771305993e-06
2.139423792601698e-06
2.145026568528559e-06
2.1470771074626814e-06
2.1471454990637377e-06
2.1478925342270667e-06
2.149822926272614e-06
2.1535153740431126e-06
2.1535914327982386e-06
2.1551082736736014e-06
2.156086396212331e-06
2.157249429315262e-06
2.1595990929461618e-06
2.16098401943446e-06
2.161743156328172e-06
2.165326126612879e-06
2.1658291946874044e-06
2.167075116277676e-06
2.1689190214234876e-06
2.1700246379944348e-06
2.170382193568291e-06
2.1715724044724377e-06
2.1731410962749033e-06
2.175573567795782e-06
2.1770970050470763e-06
2.1807893126368677e-06
2.181614289877579e-06
2.183389587160921e-06
2.1837754642291433e-06
2.186012888436693e-06
2.1863033569911772e-06
2.189240323300224e-06
2.1896391646079244e-06
2.1909225758806046e-06
2.1917170080960764e-06
2.1929859702148594e-06
2.193111894267918e-06
2.1935187064797117e-06
2.196446501337673e-06
2.197694650214524e-06
2.199589807082861e-06
2.2003363359508518e-06
2.200679003884358e-06
2.2021982629263607e-06
2.2058569711639257e-06
2.209711197849429e-06
2.210509929048936e-06
2.212031349643079e-06
2.212620578180171e-06
2.2175404763951678e-06
2.2191439954827204e-06
2.219737308742875e-06
2.221026604320587e-06
2.222846632398983e-06
2.2237854400461196e-06
2.2266948750939147e-06
2.2267392235655612e-06
2.227678493410349e-06
2.227893359357585e-06
2.231076695354675e-06
2.2327168288101644e-06
2.2330316507241305e-06
2.2358249827576587e-06
2.236141892059203e-06
2.2380585924041075e-06
2.239175497348648e-06
2.2411044184037685e-06
2.241585578355161e-06
2.241741389629339e-06
2.243127428212061e-06
2.2447239537091604e-06
2.247089559713658e-06
2.251033774316484e-06
2.252011604712211e-06
2.2521288253378758e-06
2.2528866010744153e-06
2.2541724980220173e-06
2.258078416996166e-06
2.2604479474851703e-06
2.2612294794323167e-06
2.2621659416925893e-06
2.2630983659753397e-06
2.2648045113628798e-06
2.2654015374717083e-06
2.2654076573269756e-06
2.2660654649618096e-06
2.2663442551583896e-06
2.267804734447675e-06
2.2690187776526508e-06
2.2716706142756276e-06
2.2730073254930285e-06
2.2740100434918685e-06
2.2789682537539276e-06
2.2804503535258425e-06
2.2809780447063486e-06
2.2842969253980047e-06
2.285499543049681e-06
2.2861503407411522e-06
2.286559927897385e-06
2.2882055154474957e-06
2.2918608773946914e-06
2.291887649474096e-06
2.294305152065292e-06
2.296374942642681e-06
2.301611666256457e-06
2.3019276745036104e-06
2.3043577182860566e-06
2.3140523551244864e-06
2.3158730633651436e-06
2.3164768270067755e-06
2.317670456313291e-06
2.320310674683363e-06
2.3223824359486412e-06
2.326193819573534e-06
2.327649851001679e-06
2.334288225205826e-06
2.336961324646686e-06
2.3369974513522107e-06
2.340072777805521e-06
2.341447456006588e-06
2.3447674044904676e-06
2.348262623354981e-06
2.3499753398089736e-06
2.3504388912196917e-06
2.3512202638808558e-06
2.351445266762869e-06
2.3543845230527203e-06
2.35457886233512e-06
2.3550474457031093e-06
2.3551425378204456e-06
2.359805553071708e-06
2.366130723340134e-06
2.3684583788381915e-06
2.372088460043211e-06
2.374612172574206e-06
2.379018878262218e-06
2.379505361793566e-06
2.3842871521439543e-06
2.3876676127157258e-06
2.389892602277847e-06
2.3920197878907212e-06
2.3925913631582633e-06
2.3932350167181596e-06
2.398628965118949e-06
2.3997829079128337e-06
2.4031864082909587e-06
2.4083731036961874e-06
2.4084834332845034e-06
2.4089130296150057e-06
2.4109116533984688e-06
2.4111871781762622e-06
2.4130503955029046e-06
2.413641521666944e-06
2.4137617027832758e-06
2.415465891387876e-06
2.4190375040133066e-06
2.4234474447901938e-06
2.431292063214778e-06
2.432774634146867e-06
2.4351360744413677e-06
2.437698671517535e-06
2.4402876265957724e-06
2.440880173787576e-06
2.441017049560699e-06
2.4414273909262577e-06
2.4435139457847757e-06
2.4435220463942063e-06
2.4509741206479853e-06
2.4522142547051154e-06
2.45385280853399e-06
2.4546906154318537e-06
2.4550596854528897e-06
2.4560834790546196e-06
2.456202155131455e-06
2.458162165606867e-06
2.458256760915953e-06
2.460278633681287e-06
2.461463662453673e-06
2.464050169611256e-06
2.46531916753196e-06
2.4670982990664874e-06
2.467591894770463e-06
2.469587707507124e-06
2.4746985435669616e-06
2.4760865581078943e-06
2.4770071417048137e-06
2.4815002345387783e-06
2.4852002055330897e-06
2.4867342576805227e-06
2.4871819977115673e-06
2.4872271946149945e-06
2.4906500165105746e-06
2.491042782835031e-06
2.4956396651112125e-06
2.4978949848472797e-06
2.501008244365681e-06
2.5012865589636014e-06
2.501388384584301e-06
2.50142471450155e-06
2.501706353429382e-06
2.5017750713363274e-06
2.5021840123066983e-06
2.5022880914935753e-06
2.5044040543388058e-06
2.5053320063760257e-06
2.5130536983357106e-06
2.5133092848687203e-06
2.518932593642803e-06
2.5218649383881008e-06
2.5322701268962758e-06
2.5341169070979026e-06
2.5369836953977127e-06
2.537005109958191e-06
2.539559377799116e-06
2.542211060923503e-06
2.5426591086518297e-06
2.5482406815926606e-06
2.5491829634596054e-06
2.550792452950559e-06
2.551629613912396e-06
2.552008432474279e-06
2.5544364809012852e-06
2.5577279635071017e-06
2.56155434386903e-06
2.5632740208507026e-06
2.5639565062622265e-06
2.5678566405806973e-06
2.5679348388446523e-06
2.5684230826372736e-06
2.5687820784277663e-06
2.569929771586193e-06
2.576378001963848e-06
2.5802393735677034e-06
2.580940301960149e-06
2.584791146664787e-06
2.5874946928712145e-06
2.6009885201679624e-06
2.601570967345915e-06
2.60292198804088e-06
2.609209050860113e-06
2.6107783408427104e-06
2.617657641641052e-06
2.6199879745546966e-06
2.62090971792518e-06
2.621034354173979e-06
2.623082363111417e-06
2.623709226316213e-06
2.626928161376855e-06
2.6281703549243733e-06
2.6311811071396318e-06
2.634834104938195e-06
2.636164283540577e-06
2.6365129651891467e-06
2.642947924819233e-06
2.647287102958435e-06
2.649099603692465e-06
2.6506821029174883e-06
2.6521229033539854e-06
2.6528118328654e-06
2.6546695402480013e-06
2.6637727813174346e-06
2.664684292027624e-06
2.665171517847941e-06
2.666002849759994e-06
2.6687156630084806e-06
2.6703000930847388e-06
2.6707015574508203e-06
2.674029496065971e-06
2.674084757538236e-06
2.6790370772277344e-06
2.6801016342942543e-06
2.6811856335291607e-06
2.6812377931474803e-06
2.6874227626164728e-06
2.6895501311984794e-06
2.695451354471048e-06
2.6955877503005107e-06
2.6991751181450125e-06
2.7011885893082138e-06
2.7014584581594063e-06
2.705113009173028e-06
2.7054551999709865e-06
2.706736127532942e-06
2.7194740773887706e-06
2.7199253717724727e-06
2.723609627735305e-06
2.7252683838837567e-06
2.72921845640031e-06
2.7337588549773985e-06
2.7344383097580906e-06
2.7346063578187426e-06
2.7353101389944375e-06
2.7364799055184903e-06
2.741363104363887e-06
2.745067721004654e-06
2.751070503731923e-06
2.7510768531451806e-06
2.7552202289983634e-06
2.7577590163046384e-06
2.759448192532564e-06
2.766527859655374e-06
2.7739918842494074e-06
2.7797860330666256e-06
2.7823758178318995e-06
2.782855194248305e-06
2.7900858224216303e-06
2.7943072756928593e-06
2.7995710980592112e-06
2.801306905626289e-06
2.8022363763470123e-06
2.8103597808601035e-06
2.8115413371573004e-06
2.81262316155829e-06
2.8153917704505544e-06
2.819490281617673e-06
2.8197105772977368e-06
2.8247380179897753e-06
2.824832065603349e-06
2.828820668945633e-06
2.8304772953467314e-06
2.8316111143046333e-06
2.833011490836139e-06
2.840321178726117e-06
2.8410774564001055e-06
2.846300150384959e-06
2.8492087108435125e-06
2.8520326570966598e-06
2.8606540616577945e-06
2.8616083259467184e-06
2.8619837402970216e-06
2.867433793208048e-06
2.873427817673745e-06
2.8772786340753925e-06
2.88245712630746e-06
2.8868247075689893e-06
2.8895479322776996e-06
2.894372631848288e-06
2.8990147408875874e-06
2.9057146588763386e-06
2.9071773685030587e-06
2.9088935024427765e-06
2.909982663898476e-06
2.9130110287776903e-06
2.915178388765835e-06
2.9156716380699053e-06
2.9258758639735767e-06
2.9274458329444213e-06
2.9364112553333416e-06
2.9378577388727888e-06
2.938382052731224e-06
2.939567197454483e-06
2.942137411401853e-06
2.942235228778836e-06
2.9452921499007867e-06
2.9530531193258523e-06
2.9592812586387126e-06
2.9593701361206015e-06
2.9602011772165812e-06
2.960818464391744e-06
2.9631176008756914e-06
2.964064931142593e-06
2.9803374177985392e-06
2.9808622799891864e-06
2.9811491852835385e-06
2.98359795620037e-06
2.986172192028559e-06
2.9870263044573623e-06
2.9903819522706947e-06
3.003271652363789e-06
3.0086261636171885e-06
3.0092751285733974e-06
3.009357564609696e-06
3.023419184018671e-06
3.0245578802410193e-06
3.0259081438977987e-06
3.0259501579761363e-06
3.0424983689056727e-06
3.0506674054368023e-06
3.0553633042099505e-06
3.0606476812533256e-06
3.0637618109041056e-06
3.0688084985382753e-06
3.071846287792363e-06
3.073332546312073e-06
3.0782041802401897e-06
3.095898859150181e-06
3.0995953783753253e-06
3.1007560523052477e-06
3.101459394308905e-06
3.1061860317810074e-06
3.1161621824057124e-06
3.1310576534428343e-06
3.1317479861520003e-06
3.131941202864716e-06
3.1345318917965167e-06
3.1484060538403927e-06
3.1488058235661457e-06
3.152213294065941e-06
3.1551655904211962e-06
3.1563448477589147e-06
3.1741516743253914e-06
3.177165384160334e-06
3.1883682640414173e-06
3.197009571319469e-06
3.197063966628507e-06
3.1982291712487517e-06
3.2356287442293965e-06
3.237965938558806e-06
3.238985713437832e-06
3.2399880214347134e-06
3.2404951021941615e-06
3.2409550824596275e-06
3.248031021435375e-06
3.2544992186037992e-06
3.259544122859283e-06
3.2673757525266783e-06
3.2732515028131687e-06
3.277295993680022e-06
3.298035726148487e-06
3.331492686461073e-06
3.3425697117855438e-06
3.35153887714943e-06
3.351779238699296e-06
3.363625704905669e-06
3.369238225784399e-06
3.3943151995236375e-06
3.395523958073927e-06
3.40394556577046e-06
3.4041621688292537e-06
3.4060609238779404e-06
3.406620348189197e-06
3.4187997661436724e-06
3.422439091647164e-06
3.425369412611069e-06
3.4410114451398973e-06
3.4491698059889135e-06
3.4586129757404457e-06
3.4665811803478255e-06
3.4702775987932124e-06
3.4800432745434443e-06
3.482038225684955e-06
3.482868129718215e-06
3.4854314427100483e-06
3.486008567448347e-06
3.510268218405413e-06
3.539321255295718e-06
3.5459937653571025e-06
3.5809759179657136e-06
3.5840693058873234e-06
3.592441959011632e-06
3.5966076747942616e-06
3.597547302507497e-06
3.6045618259101887e-06
3.6110214044817533e-06
3.615227725484121e-06
3.6152475443771073e-06
3.6427399613898527e-06
3.6432299329377005e-06
3.6507413040423114e-06
3.692234704932901e-06
3.7045964378261406e-06
3.72352075139294e-06
3.7405204027127915e-06
3.7456320527185876e-06
3.7475347021402623e-06
3.768697244651986e-06
3.7815134276532062e-06
3.786477266362243e-06
3.870716898790946e-06
3.8966314250838495e-06
3.9019500351018745e-06
3.914933086552202e-06
3.920313443677938e-06
3.936934026139518e-06
3.9434217498951624e-06
3.963595190652634e-06
3.972657331351811e-06
3.986131507876207e-06
4.055944994971452e-06
4.076364465041244e-06
4.118603265497987e-06
4.12326714194776e-06
4.495672749200895e-06
4.500557338887189e-06
4.509020363831975e-06
4.527968037714077e-06
4.547126447918188e-06
4.7102944882928285e-06
4.754041733088204e-06
4.93907752763224e-06
5.673115223986688e-06
